1.1925000
1.1920000
1.1922000
1.1910000
1.1934000
1.1928000
1.1923000
1.1921000
1.1922000
1.1920000
1.1918000
1.1920000
1.1919000
1.1925000
1.1909000
1.1918000
1.1919000
1.1921000
1.1917000
1.1920000
1.1918000
1.1919000
1.1913000
1.1917000
1.1921000
1.1915000
1.1917000
1.1915000
1.1912000
1.1918000
1.1913000
1.1916000
1.1915000
1.1911000
1.1917000
1.1910000
1.1910000
1.1907000
1.1910000
1.1906000
1.1905000
1.1906000
1.1908000
1.1905000
1.1905000
1.1903000
1.1907000
1.1908000
1.1904000
1.1901000
1.1911000
1.1905000
1.1910000
1.1906000
1.1910000
1.1902000
1.1903000
1.1904000
1.1903000
1.1906000
1.1909000
1.1904000
1.1902000
1.1904000
1.1906000
1.1900000
1.1904000
1.1901000
1.1902000
1.1901000
1.1903000
1.1897000
1.1909000
1.1899000
1.1906000
1.1898000
1.1896000
1.1904000
1.1896000
1.1901000
1.1896000
1.1894000
1.1896000
1.1905000
1.1898000
1.1891000
1.1906000
1.1895000
1.1905000
1.1895000
1.1899000
1.1904000
1.1900000
1.1898000
1.1904000
1.1899000
1.1898000
1.1899000
1.1899000
1.1895000
