casio
11.86
12.02
11.95
11.84
11.78
11.81
11.90
11.75
11.85
11.86
11.89
11.85
11.88
11.82
11.98
11.69
11.91
11.78
11.72
11.79
11.81
11.80
11.74
11.53
11.70
11.84
11.80
11.77
11.96
11.67
11.90
11.95
11.75
11.85
11.52
11.52
11.57
11.69
11.57
11.72
11.74
11.69
11.69
11.85
11.86
11.76
11.85
11.46
11.88
11.64
11.51
11.54
11.60
11.80
11.37
11.48
11.81
11.64
11.82
11.76
11.78
11.83
11.85
11.57
11.68
11.67
11.78
11.77
11.66
11.67
11.56
11.53
11.69
11.67
11.79
11.70
11.80
11.71
11.59
11.70
11.81
11.73
11.72
11.76
11.72
11.69
11.76
11.69
11.75
11.69
11.78
11.79
11.85
11.87
11.72
11.68
11.80
11.82
11.84
11.54