35
11.577
11.501
11.790
11.631
11.720
11.729
11.679
11.655
11.684
11.887
11.677
11.613
11.611
11.759
11.720
11.623
11.598
11.613
11.676
11.720
11.902
11.750
11.737
11.582
11.540
11.779
11.617
11.765
11.949
11.701
11.835
11.996
11.815
11.728
11.574
11.415
11.487
11.609
11.704
11.678
11.760
11.846
11.852
11.926
11.994
11.959
11.955
11.763
11.898
11.780
11.761
11.759
11.719
11.750
11.759
11.799
11.783
11.625
11.780
11.719
11.659
11.940
11.676
11.534
11.577
11.556
11.772
11.666
11.655
11.775
11.614
11.614
11.594
11.584
11.620
11.843
11.753
11.795
11.633
11.694
11.606
11.631
11.661
11.661
11.729
11.764
11.761
11.972
11.750
11.430
11.820
11.800
11.669
11.738
11.702
11.553
11.856
11.757
11.743
11.820
